<!DOCTYPE html>
<html>
<head>
    <meta charset="UTF-8">
    <title>Awesome-pyecharts</title>
    <script type="text/javascript" src="https://assets.pyecharts.org/assets/v5/echarts.min.js"></script>

</head>
<body>
<div id="21c5914065e844ef9ee39b29e35c1546" class="chart-container" style="width:1200px; height:500px; "></div>
<script>
    var chart_21c5914065e844ef9ee39b29e35c1546 = echarts.init(
        document.getElementById('21c5914065e844ef9ee39b29e35c1546'), 'white', {renderer: 'canvas'});
    var option_21c5914065e844ef9ee39b29e35c1546 = {
        "animation": true,
        "animationThreshold": 2000,
        "animationDuration": 1000,
        "animationEasing": "cubicOut",
        "animationDelay": 0,
        "animationDurationUpdate": 300,
        "animationEasingUpdate": "cubicOut",
        "animationDelayUpdate": 0,
        "aria": {
            "enabled": false
        },
        "color": [
            "#5470c6",
            "#91cc75",
            "#fac858",
            "#ee6666",
            "#73c0de",
            "#3ba272",
            "#fc8452",
            "#9a60b4",
            "#ea7ccc"
        ],
        "series": [
            {
                "type": "heatmap",
                "name": "\u7279\u5f81\u76f8\u5173\u6027",
                "data": [
                    [
                        0,
                        0,
                        1.0
                    ],
                    [
                        0,
                        1,
                        -0.009090909090909
                    ],
                    [
                        0,
                        2,
                        -0.3421190648669766
                    ],
                    [
                        0,
                        3,
                        -0.1608223211505011
                    ],
                    [
                        0,
                        4,
                        -0.0129153269951955
                    ],
                    [
                        0,
                        5,
                        null
                    ],
                    [
                        0,
                        6,
                        -0.0300015001125093
                    ],
                    [
                        0,
                        7,
                        -0.0129153269951955
                    ],
                    [
                        0,
                        8,
                        -0.0405475101611775
                    ],
                    [
                        0,
                        9,
                        -0.0802095158542079
                    ],
                    [
                        0,
                        10,
                        -0.261785157202368
                    ],
                    [
                        0,
                        11,
                        -0.0265723545527748
                    ],
                    [
                        0,
                        12,
                        -0.0227921152919275
                    ],
                    [
                        0,
                        13,
                        null
                    ],
                    [
                        0,
                        14,
                        -0.0362227824978118
                    ],
                    [
                        0,
                        15,
                        0.2874797872880346
                    ],
                    [
                        1,
                        0,
                        -0.009090909090909
                    ],
                    [
                        1,
                        1,
                        1.0
                    ],
                    [
                        1,
                        2,
                        0.0265723545527748
                    ],
                    [
                        1,
                        3,
                        0.0949266422836769
                    ],
                    [
                        1,
                        4,
                        -0.0129153269951955
                    ],
                    [
                        1,
                        5,
                        null
                    ],
                    [
                        1,
                        6,
                        0.3030151511363446
                    ],
                    [
                        1,
                        7,
                        -0.0129153269951955
                    ],
                    [
                        1,
                        8,
                        0.2242038797147461
                    ],
                    [
                        1,
                        9,
                        0.1133395332722503
                    ],
                    [
                        1,
                        10,
                        0.0347266024860284
                    ],
                    [
                        1,
                        11,
                        -0.0265723545527748
                    ],
                    [
                        1,
                        12,
                        -0.0227921152919275
                    ],
                    [
                        1,
                        13,
                        null
                    ],
                    [
                        1,
                        14,
                        -0.0362227824978118
                    ],
                    [
                        1,
                        15,
                        0.2874797872880345
                    ],
                    [
                        2,
                        0,
                        -0.3421190648669766
                    ],
                    [
                        2,
                        1,
                        0.0265723545527748
                    ],
                    [
                        2,
                        2,
                        1.0
                    ],
                    [
                        2,
                        3,
                        0.2458139307522857
                    ],
                    [
                        2,
                        4,
                        0.0377509712889497
                    ],
                    [
                        2,
                        5,
                        null
                    ],
                    [
                        2,
                        6,
                        0.0876931547915185
                    ],
                    [
                        2,
                        7,
                        -0.4860437553452279
                    ],
                    [
                        2,
                        8,
                        0.1185187097858556
                    ],
                    [
                        2,
                        9,
                        0.0930151425059184
                    ],
                    [
                        2,
                        10,
                        0.1151684939025271
                    ],
                    [
                        2,
                        11,
                        -0.0570388349514563
                    ],
                    [
                        2,
                        12,
                        -0.0874392993336586
                    ],
                    [
                        2,
                        13,
                        null
                    ],
                    [
                        2,
                        14,
                        0.0009453366797873
                    ],
                    [
                        2,
                        15,
                        -0.8402916318031354
                    ],
                    [
                        3,
                        0,
                        -0.1608223211505011
                    ],
                    [
                        3,
                        1,
                        0.0949266422836769
                    ],
                    [
                        3,
                        2,
                        0.2458139307522857
                    ],
                    [
                        3,
                        3,
                        1.0
                    ],
                    [
                        3,
                        4,
                        -0.1558102224247947
                    ],
                    [
                        3,
                        5,
                        null
                    ],
                    [
                        3,
                        6,
                        0.0600694492838522
                    ],
                    [
                        3,
                        7,
                        -0.1558102224247947
                    ],
                    [
                        3,
                        8,
                        -0.1268248456173452
                    ],
                    [
                        3,
                        9,
                        -0.1533490629666337
                    ],
                    [
                        3,
                        10,
                        -0.2273438570110747
                    ],
                    [
                        3,
                        11,
                        -0.0776165904635641
                    ],
                    [
                        3,
                        12,
                        -0.1467242635126975
                    ],
                    [
                        3,
                        13,
                        null
                    ],
                    [
                        3,
                        14,
                        -0.0148199179821244
                    ],
                    [
                        3,
                        15,
                        -0.1873966692813242
                    ],
                    [
                        4,
                        0,
                        -0.0129153269951955
                    ],
                    [
                        4,
                        1,
                        -0.0129153269951955
                    ],
                    [
                        4,
                        2,
                        0.0377509712889497
                    ],
                    [
                        4,
                        3,
                        -0.1558102224247947
                    ],
                    [
                        4,
                        4,
                        1.0
                    ],
                    [
                        4,
                        5,
                        null
                    ],
                    [
                        4,
                        6,
                        0.1939333317418773
                    ],
                    [
                        4,
                        7,
                        -0.018348623853211
                    ],
                    [
                        4,
                        8,
                        -0.0576052787829884
                    ],
                    [
                        4,
                        9,
                        0.0235336754570798
                    ],
                    [
                        4,
                        10,
                        0.0493355969193151
                    ],
                    [
                        4,
                        11,
                        -0.0377509712889497
                    ],
                    [
                        4,
                        12,
                        -0.0323804384098186
                    ],
                    [
                        4,
                        13,
                        null
                    ],
                    [
                        4,
                        14,
                        -0.0514611988698595
                    ],
                    [
                        4,
                        15,
                        -0.0449260350337442
                    ],
                    [
                        5,
                        0,
                        null
                    ],
                    [
                        5,
                        1,
                        null
                    ],
                    [
                        5,
                        2,
                        null
                    ],
                    [
                        5,
                        3,
                        null
                    ],
                    [
                        5,
                        4,
                        null
                    ],
                    [
                        5,
                        5,
                        1
                    ],
                    [
                        5,
                        6,
                        null
                    ],
                    [
                        5,
                        7,
                        null
                    ],
                    [
                        5,
                        8,
                        null
                    ],
                    [
                        5,
                        9,
                        null
                    ],
                    [
                        5,
                        10,
                        null
                    ],
                    [
                        5,
                        11,
                        null
                    ],
                    [
                        5,
                        12,
                        null
                    ],
                    [
                        5,
                        13,
                        null
                    ],
                    [
                        5,
                        14,
                        null
                    ],
                    [
                        5,
                        15,
                        null
                    ],
                    [
                        6,
                        0,
                        -0.0300015001125093
                    ],
                    [
                        6,
                        1,
                        0.3030151511363446
                    ],
                    [
                        6,
                        2,
                        0.0876931547915185
                    ],
                    [
                        6,
                        3,
                        0.0600694492838522
                    ],
                    [
                        6,
                        4,
                        0.1939333317418773
                    ],
                    [
                        6,
                        5,
                        null
                    ],
                    [
                        6,
                        6,
                        1.0
                    ],
                    [
                        6,
                        7,
                        -0.04262271027294
                    ],
                    [
                        6,
                        8,
                        -0.0464411469882347
                    ],
                    [
                        6,
                        9,
                        0.054667262171216
                    ],
                    [
                        6,
                        10,
                        0.1146035185230815
                    ],
                    [
                        6,
                        11,
                        -0.0876931547915186
                    ],
                    [
                        6,
                        12,
                        -0.0752177414444601
                    ],
                    [
                        6,
                        13,
                        null
                    ],
                    [
                        6,
                        14,
                        -0.1195411594501856
                    ],
                    [
                        6,
                        15,
                        0.0009487307357732
                    ],
                    [
                        7,
                        0,
                        -0.0129153269951955
                    ],
                    [
                        7,
                        1,
                        -0.0129153269951955
                    ],
                    [
                        7,
                        2,
                        -0.4860437553452279
                    ],
                    [
                        7,
                        3,
                        -0.1558102224247947
                    ],
                    [
                        7,
                        4,
                        -0.018348623853211
                    ],
                    [
                        7,
                        5,
                        null
                    ],
                    [
                        7,
                        6,
                        -0.04262271027294
                    ],
                    [
                        7,
                        7,
                        1.0
                    ],
                    [
                        7,
                        8,
                        -0.0576052787829884
                    ],
                    [
                        7,
                        9,
                        0.0235336754570798
                    ],
                    [
                        7,
                        10,
                        0.0493355969193151
                    ],
                    [
                        7,
                        11,
                        -0.0377509712889497
                    ],
                    [
                        7,
                        12,
                        -0.0323804384098186
                    ],
                    [
                        7,
                        13,
                        null
                    ],
                    [
                        7,
                        14,
                        -0.0514611988698595
                    ],
                    [
                        7,
                        15,
                        0.4084185003067655
                    ],
                    [
                        8,
                        0,
                        -0.0405475101611775
                    ],
                    [
                        8,
                        1,
                        0.2242038797147461
                    ],
                    [
                        8,
                        2,
                        0.1185187097858556
                    ],
                    [
                        8,
                        3,
                        -0.1268248456173452
                    ],
                    [
                        8,
                        4,
                        -0.0576052787829884
                    ],
                    [
                        8,
                        5,
                        null
                    ],
                    [
                        8,
                        6,
                        -0.0464411469882347
                    ],
                    [
                        8,
                        7,
                        -0.0576052787829884
                    ],
                    [
                        8,
                        8,
                        1.0
                    ],
                    [
                        8,
                        9,
                        0.5055199464721651
                    ],
                    [
                        8,
                        10,
                        0.154888499388195
                    ],
                    [
                        8,
                        11,
                        0.0749456547175263
                    ],
                    [
                        8,
                        12,
                        0.1195976328274798
                    ],
                    [
                        8,
                        13,
                        null
                    ],
                    [
                        8,
                        14,
                        -0.0108612975162068
                    ],
                    [
                        8,
                        15,
                        -0.05732299354364
                    ],
                    [
                        9,
                        0,
                        -0.0802095158542079
                    ],
                    [
                        9,
                        1,
                        0.1133395332722503
                    ],
                    [
                        9,
                        2,
                        0.0930151425059184
                    ],
                    [
                        9,
                        3,
                        -0.1533490629666337
                    ],
                    [
                        9,
                        4,
                        0.0235336754570798
                    ],
                    [
                        9,
                        5,
                        null
                    ],
                    [
                        9,
                        6,
                        0.054667262171216
                    ],
                    [
                        9,
                        7,
                        0.0235336754570798
                    ],
                    [
                        9,
                        8,
                        0.5055199464721651
                    ],
                    [
                        9,
                        9,
                        1.0
                    ],
                    [
                        9,
                        10,
                        0.3063944369932461
                    ],
                    [
                        9,
                        11,
                        -0.0930151425059183
                    ],
                    [
                        9,
                        12,
                        -0.0393448497289176
                    ],
                    [
                        9,
                        13,
                        null
                    ],
                    [
                        9,
                        14,
                        0.0109178519718029
                    ],
                    [
                        9,
                        15,
                        -0.0953924858707222
                    ],
                    [
                        10,
                        0,
                        -0.261785157202368
                    ],
                    [
                        10,
                        1,
                        0.0347266024860284
                    ],
                    [
                        10,
                        2,
                        0.1151684939025271
                    ],
                    [
                        10,
                        3,
                        -0.2273438570110747
                    ],
                    [
                        10,
                        4,
                        0.0493355969193151
                    ],
                    [
                        10,
                        5,
                        null
                    ],
                    [
                        10,
                        6,
                        0.1146035185230815
                    ],
                    [
                        10,
                        7,
                        0.0493355969193151
                    ],
                    [
                        10,
                        8,
                        0.154888499388195
                    ],
                    [
                        10,
                        9,
                        0.3063944369932461
                    ],
                    [
                        10,
                        10,
                        1.0
                    ],
                    [
                        10,
                        11,
                        -0.1151684939025271
                    ],
                    [
                        10,
                        12,
                        -0.1607339077503412
                    ],
                    [
                        10,
                        13,
                        null
                    ],
                    [
                        10,
                        14,
                        -0.1148001216635225
                    ],
                    [
                        10,
                        15,
                        -0.0667338275473393
                    ],
                    [
                        11,
                        0,
                        -0.0265723545527748
                    ],
                    [
                        11,
                        1,
                        -0.0265723545527748
                    ],
                    [
                        11,
                        2,
                        -0.0570388349514563
                    ],
                    [
                        11,
                        3,
                        -0.0776165904635641
                    ],
                    [
                        11,
                        4,
                        -0.0377509712889497
                    ],
                    [
                        11,
                        5,
                        null
                    ],
                    [
                        11,
                        6,
                        -0.0876931547915186
                    ],
                    [
                        11,
                        7,
                        -0.0377509712889497
                    ],
                    [
                        11,
                        8,
                        0.0749456547175263
                    ],
                    [
                        11,
                        9,
                        -0.0930151425059183
                    ],
                    [
                        11,
                        10,
                        -0.1151684939025271
                    ],
                    [
                        11,
                        11,
                        1.0
                    ],
                    [
                        11,
                        12,
                        0.8577378887016045
                    ],
                    [
                        11,
                        13,
                        null
                    ],
                    [
                        11,
                        14,
                        0.5237165206022237
                    ],
                    [
                        11,
                        15,
                        0.1407488483270251
                    ],
                    [
                        12,
                        0,
                        -0.0227921152919275
                    ],
                    [
                        12,
                        1,
                        -0.0227921152919275
                    ],
                    [
                        12,
                        2,
                        -0.0874392993336586
                    ],
                    [
                        12,
                        3,
                        -0.1467242635126975
                    ],
                    [
                        12,
                        4,
                        -0.0323804384098186
                    ],
                    [
                        12,
                        5,
                        null
                    ],
                    [
                        12,
                        6,
                        -0.0752177414444601
                    ],
                    [
                        12,
                        7,
                        -0.0323804384098186
                    ],
                    [
                        12,
                        8,
                        0.1195976328274798
                    ],
                    [
                        12,
                        9,
                        -0.0393448497289176
                    ],
                    [
                        12,
                        10,
                        -0.1607339077503412
                    ],
                    [
                        12,
                        11,
                        0.8577378887016045
                    ],
                    [
                        12,
                        12,
                        1.0
                    ],
                    [
                        12,
                        13,
                        null
                    ],
                    [
                        12,
                        14,
                        0.629220444158435
                    ],
                    [
                        12,
                        15,
                        0.0540562477617335
                    ],
                    [
                        13,
                        0,
                        null
                    ],
                    [
                        13,
                        1,
                        null
                    ],
                    [
                        13,
                        2,
                        null
                    ],
                    [
                        13,
                        3,
                        null
                    ],
                    [
                        13,
                        4,
                        null
                    ],
                    [
                        13,
                        5,
                        null
                    ],
                    [
                        13,
                        6,
                        null
                    ],
                    [
                        13,
                        7,
                        null
                    ],
                    [
                        13,
                        8,
                        null
                    ],
                    [
                        13,
                        9,
                        null
                    ],
                    [
                        13,
                        10,
                        null
                    ],
                    [
                        13,
                        11,
                        null
                    ],
                    [
                        13,
                        12,
                        null
                    ],
                    [
                        13,
                        13,
                        1
                    ],
                    [
                        13,
                        14,
                        null
                    ],
                    [
                        13,
                        15,
                        null
                    ],
                    [
                        14,
                        0,
                        -0.0362227824978118
                    ],
                    [
                        14,
                        1,
                        -0.0362227824978118
                    ],
                    [
                        14,
                        2,
                        0.0009453366797873
                    ],
                    [
                        14,
                        3,
                        -0.0148199179821244
                    ],
                    [
                        14,
                        4,
                        -0.0514611988698595
                    ],
                    [
                        14,
                        5,
                        null
                    ],
                    [
                        14,
                        6,
                        -0.1195411594501856
                    ],
                    [
                        14,
                        7,
                        -0.0514611988698595
                    ],
                    [
                        14,
                        8,
                        -0.0108612975162068
                    ],
                    [
                        14,
                        9,
                        0.0109178519718029
                    ],
                    [
                        14,
                        10,
                        -0.1148001216635225
                    ],
                    [
                        14,
                        11,
                        0.5237165206022237
                    ],
                    [
                        14,
                        12,
                        0.629220444158435
                    ],
                    [
                        14,
                        13,
                        null
                    ],
                    [
                        14,
                        14,
                        1.0
                    ],
                    [
                        14,
                        15,
                        -0.0351821380208903
                    ],
                    [
                        15,
                        0,
                        0.2874797872880346
                    ],
                    [
                        15,
                        1,
                        0.2874797872880345
                    ],
                    [
                        15,
                        2,
                        -0.8402916318031354
                    ],
                    [
                        15,
                        3,
                        -0.1873966692813242
                    ],
                    [
                        15,
                        4,
                        -0.0449260350337442
                    ],
                    [
                        15,
                        5,
                        null
                    ],
                    [
                        15,
                        6,
                        0.0009487307357732
                    ],
                    [
                        15,
                        7,
                        0.4084185003067655
                    ],
                    [
                        15,
                        8,
                        -0.05732299354364
                    ],
                    [
                        15,
                        9,
                        -0.0953924858707222
                    ],
                    [
                        15,
                        10,
                        -0.0667338275473393
                    ],
                    [
                        15,
                        11,
                        0.1407488483270251
                    ],
                    [
                        15,
                        12,
                        0.0540562477617335
                    ],
                    [
                        15,
                        13,
                        null
                    ],
                    [
                        15,
                        14,
                        -0.0351821380208903
                    ],
                    [
                        15,
                        15,
                        1.0
                    ]
                ],
                "label": {
                    "show": false,
                    "position": "inside",
                    "margin": 8
                }
            }
        ],
        "legend": [
            {
                "data": [
                    "\u7279\u5f81\u76f8\u5173\u6027"
                ],
                "selected": {
                    "\u7279\u5f81\u76f8\u5173\u6027": true
                },
                "show": true,
                "padding": 5,
                "itemGap": 10,
                "itemWidth": 25,
                "itemHeight": 14,
                "backgroundColor": "transparent",
                "borderColor": "#ccc",
                "borderWidth": 1,
                "borderRadius": 0,
                "pageButtonItemGap": 5,
                "pageButtonPosition": "end",
                "pageFormatter": "{current}/{total}",
                "pageIconColor": "#2f4554",
                "pageIconInactiveColor": "#aaa",
                "pageIconSize": 15,
                "animationDurationUpdate": 800,
                "selector": false,
                "selectorPosition": "auto",
                "selectorItemGap": 7,
                "selectorButtonGap": 10
            }
        ],
        "tooltip": {
            "show": true,
            "trigger": "item",
            "triggerOn": "mousemove|click",
            "axisPointer": {
                "type": "line"
            },
            "showContent": true,
            "alwaysShowContent": false,
            "showDelay": 0,
            "hideDelay": 100,
            "enterable": false,
            "confine": false,
            "appendToBody": false,
            "transitionDuration": 0.4,
            "textStyle": {
                "fontSize": 14
            },
            "borderWidth": 0,
            "padding": 5,
            "order": "seriesAsc"
        },
        "xAxis": [
            {
                "show": true,
                "scale": false,
                "nameLocation": "end",
                "nameGap": 15,
                "gridIndex": 0,
                "inverse": false,
                "offset": 0,
                "splitNumber": 5,
                "minInterval": 0,
                "splitLine": {
                    "show": true,
                    "lineStyle": {
                        "show": true,
                        "width": 1,
                        "opacity": 1,
                        "curveness": 0,
                        "type": "solid"
                    }
                },
                "data": [
                    "IP",
                    "At",
                    "URL_L",
                    "URL_D",
                    "Redi",
                    "https",
                    "Tiny",
                    "Pre/Suf",
                    "DNS",
                    "Age",
                    "End",
                    "iFr",
                    "Mou",
                    "Rig",
                    "Web",
                    "Lab"
                ]
            }
        ],
        "yAxis": [
            {
                "show": true,
